17 30
111111111111111111111111111111
100000000000100000000000000001
101011101010101011111010110101
100011101010111010111011111101
101011000000000000000000000011
100000011111011111101110101101
101111011110001111101100000001
100110000000100010000001101101
100000111111110011111111111111
100000000000000000000000000011
100000000000000000000000000001
100000011111011111101110101101
101111011110001111101100000001
100110000000100010000001101101
100000111111110011111111111101
100000000000000000000000000001
111111111111111111111111111111
